на целые числа:

0 3 0 4
1 1 1
1 1 0 19.8
1 0 1 18.7
0 1 1 19.3
1 1 1 28.5

0 3 0 4
1 2 1
1 1 1 295.3
3 1 0 387.5
1 0 2 293.4
1 9 0 1011.1



на булевы:

0 0 4 6
1 2 3 4
4 3 2 1 9.7
1 1 0 0 1.9
1 0 2 1 3.7
0 1 1 1 2.8
1 2 0 0 2.6
1 0 1 3 4.9

0 0 6 8
1 2 3 4 5 6
1 1 2 3 2 1 9.7
1 1 1 1 0 0 2.9
1 1 1 0 2 1 5.7
1 1 0 1 1 1 4.8
1 1 1 2 0 0 4.6
1 1 1 0 1 3 6.9
0 0 1 0 1 1 2.8
0 0 0 1 1 0 1.9



Просто:

1 4 1 8
1 1 1 1 1 1
1 1 1 1 1 1 30.8
1 1 0 0 1 1 19.7
0 0 1 1 0 0 9.9
1 0 0 0 0 1 9.7
1 2 0 0 1 2 27.7
0 1 1 0 2 0 19.5
1 0 0 1 0 0 9.8
1 9 0 0 0 0 47.5
